c = [
      1.4940938
      1.5025926
      1.4925786
       1.496507
      1.4980739
      1.4922119
      1.4901451
      1.4915796
      1.5079288
      1.5211164
      1.5157684
      1.5302463
      1.5345217
      1.5351791
      1.5392822
      1.5391668
      1.5392801
      1.5466806
       1.553846
      1.5611537
      1.5651299
       1.560445
      1.5642683
      1.5722783
      1.5751818
      1.5805299
      1.5844893
      1.5836894
      1.5854411
      1.5821466
      1.5862979
       1.581139
      1.5760535
      1.5719109
      1.5577859
      1.5632831
      1.5638979
      1.5595901
       1.564903
      1.5562767
      1.5547509
      1.5525762
      1.5529457
      1.5533471
      1.5483984
      1.5471525
       1.545301
      1.5470801
      1.5511124
      1.5553954
      1.5507859
      1.5503406
      1.5439727
      1.5378747
      1.5366999
      1.5426214
      1.5382409
      1.5389853
      1.5370648
      1.5412854
      1.5355656
      1.5348252
      1.5364923
      1.5407745
       1.547267
      1.5472914
      1.5400547
       1.535997
      1.5303547
      1.5402174
      1.5368498
      1.5396332
      1.5382116
      1.5417086
      1.5377435
      1.5307144
      1.5233715
      1.5245964
      1.5228794
      1.5210786
      1.5266924
      1.5273795
      1.5276892
      1.5344122
      1.5303996
      1.5331301
      1.5365937
      1.5352148
      1.5358769
      1.5302074
      1.5244169
      1.5241968
       1.526841
      1.5381595
      1.5349463
      1.5355122
      1.5348423
      1.5256398
      1.5229763
      1.5140333
      1.5169269
      1.5120607
      1.5116234
       1.508285
      1.5087941
      1.5052466
      1.5066496
      1.5093179
      1.5165982
      1.5154139
      1.5052706
      1.5007597
      1.5062236
      1.5008003
      1.5045648
      1.5046713
      1.5108403
      1.5016511
       1.500248
      1.4942031
      1.5068908
      1.5105073
      1.5167869
      1.5120743
      1.5098685
      1.5084731
      1.5133186
      1.5120107
      1.5151343
      1.5057129
      1.5037462
      1.4995788
      1.4918424
      1.4934619
      1.4941726
      1.4938256
      1.4872422
      1.4917819
      1.4929763
      1.4912739
      1.4910256
      1.4894991
      1.4811262
      1.4792348
      1.4748482
      1.4697107
       1.463675
      1.4603976
      1.4503861
      1.4537787
      1.4553987
      1.4547154
      1.4540433
       1.449939
      1.4541241
      1.4532584
      1.4497633
      1.4556982
      1.4546699
      1.4519744
      1.4505838
      1.4466512
      1.4413875
      1.4527449
      1.4605639
      1.4624752
      1.4572502
      1.4536236
      1.4530395
      1.4568961
      1.4511535
      1.4406392
       1.433843
       1.435073
      1.4367039
      1.4387446
      1.4382453
      1.4392175
      1.4372381
        1.44137
      1.4354739
      1.4377374
      1.4341352
      1.4327993
      1.4355345
      1.4406357
       1.436034
      1.4421948
      1.4458253
      1.4462259
      1.4460304
      1.4457014
      1.4449484
      1.4456502
      1.4464931
      1.4509061
      1.4586665
      1.4617849
      1.4618349
      1.4656446
      1.4674862
       1.463745
      1.4688851
      1.4711968
      1.4727264
       1.475978
      1.4781001
      1.4746921
      1.4746657
      1.4746561
      1.4728239
      1.4810471
      1.4777719
      1.4761199
      1.4733211
      1.4682755
       1.467553
      1.4664394
      1.4735802
      1.4728079
      1.4682493
       1.475769
      1.4818546
      1.4813952
      1.4750099
      1.4732402
      1.4727262
      1.4741767
       1.473211
      1.4754416
      1.4775092
      1.4720962
      1.4678736
      1.4644679
      1.4620459
      1.4604419
      1.4603593
      1.4463625
      1.4437496
       1.448953
      1.4438357
      1.4477992
      1.4493025
      1.4491735
      1.4500563
      1.4429894
      1.4425156
      1.4498375
      1.4505501
       1.451043
      1.4480057
      1.4481047
      1.4494371
      1.4517237
      1.4504295
      1.4497178
      1.4593612
      1.4496804
      1.4602384
      1.4624756
      1.4677898
      1.4610085
      1.4588676
      1.4580611
      1.4604305
      1.4532643
      1.4556717
      1.4504441
      1.4509166
      1.4541222
      1.4559633
      1.4613385
      1.4665372
      1.4642756
      1.4660571
      1.4623503
        1.45675
      1.4612576
      1.4616809
      1.4618546
      1.4664557
      1.4697453
      1.4719911
      1.4783992
      1.4835005
      1.4855312
      1.4832716
      1.4810263
      1.4870989
      1.4804528
      1.4807972
       1.472285
      1.4770845
      1.4813236
        1.48174
      1.4818078
      1.4707615
      1.4733988
      1.4634198
       1.452538
      1.4523616
      1.4475588
       1.448928
      1.4516637
      1.4554052
      1.4522263
      1.4542164
      1.4547225
      1.4586109
      1.4613279
      1.4658043
      1.4656987
      1.4654951
      1.4705643
      1.4614117
      1.4593463
      1.4537032
      1.4519634
      1.4549385
      1.4588683
       1.454506
      1.4524994
      1.4532411
      1.4520697
      1.4536082
      1.4556751
       1.451724
       1.451104
      1.4415127
      1.4466686
      1.4439168
      1.4384704
      1.4372462
      1.4306538
      1.4303664
      1.4276783
      1.4375479
      1.4430583
      1.4320957
      1.4342547
      1.4280937
      1.4270098
      1.4278749
      1.4315047
      1.4306187
      1.4382179
      1.4366557
      1.4387424
      1.4424447
      1.4435993
      1.4484178
      1.4508074
       1.448146
      1.4406551
      1.4496951
      1.4477327
      1.4489144
      1.4522192
      1.4535413
      1.4501924
      1.4486949
      1.4486981
      1.4560485
      1.4528922
      1.4571384
      1.4593153
      1.4590324
      1.4549145
      1.4541651
      1.4542788
      1.4480372
       1.449202
      1.4457672
      1.4455702
      1.4473674
      1.4435527
      1.4424528
      1.4442749
      1.4361559
      1.4409669
      1.4523648
      1.4574442
      1.4568115
      1.4595257
      1.4555676
      1.4648026
      1.4700179
      1.4746375
      1.4716951
      1.4740485
      1.4723782
      1.4717108
      1.4697754
      1.4656342
      1.4618566
      1.4611479
      1.4535875
      1.4563699
      1.4559574
      1.4593057
      1.4608181
       1.463418
      1.4570275
      1.4525359
      1.4505437
      1.4510764
      1.4563455
      1.4553132
      1.4613745
      1.4640402
      1.4699834
      1.4712897
      1.4689899
      1.4627762
      1.4638318
      1.4679612
      1.4671192
      1.4650833
      1.4640249
      1.4593063
       1.457198
      1.4564718
       1.456788
      1.4566386
      1.4596056
      1.4603883
      1.4690262
      1.4710589
      1.4799704
      1.4775337
      1.4806715
      1.4802421
      1.4836789
      1.4871422
      1.4778929
      1.4722012
      1.4657703
      1.4675856
      1.4743957
      1.4732041
      1.4771875
      1.4800721
      1.4756978
      1.4777941
      1.4746737
      1.4818399
      1.4821324
      1.4900569
      1.4887521
      1.4919938
      1.4922967
      1.4835554
      1.4792386
       1.482086
      1.4819745
      1.4769723
      1.4740602
      1.4750911
      1.4704847
      1.4747804
      1.4718455
      1.4800733
      1.4753457
      1.4763199
      1.4694428
      1.4660026
      1.4630831
      1.4646798
      1.4688684
      1.4702948
       1.468697
      1.4725123
      1.4763956
       1.477291
      1.4802668
      1.4825927
      1.4785387
      1.4823256
      1.4797187
      1.4772368
      1.4782388
      1.4770463
      1.4766122
      1.4794989
      1.4845539
      1.4840506
      1.4859082
      1.4852011
      1.4865835
        1.48895
      1.4865137
      1.4880504
      1.4911122
      1.4919127
      1.5002165
      1.4980253
      1.4950991
      1.4873722
      1.4915628
