dsgedata = [
1.00899865e+00 7.72929348e-01 3.35001516e-01 3.45326616e-02 2.01798786e+00
 9.65470801e-01 7.68461848e-01 3.23557357e-01 3.30600012e-02 1.99922957e+00
 1.00962507e+00 7.71614706e-01 3.36945880e-01 3.47302618e-02 2.00758876e+00
 1.04722440e+00 7.75651241e-01 3.44986372e-01 3.60304950e-02 2.03382041e+00
 1.09561303e+00 7.80172883e-01 3.61106179e-01 3.75708574e-02 2.03281299e+00
 1.05882368e+00 7.79620731e-01 3.44673062e-01 3.60289647e-02 2.05821646e+00
 1.06118662e+00 7.80945254e-01 3.43590429e-01 3.59730432e-02 2.06930917e+00
 1.03151967e+00 7.78625670e-01 3.36823131e-01 3.48353860e-02 2.05187098e+00
 1.01880918e+00 7.78456715e-01 3.29486304e-01 3.43758622e-02 2.07171305e+00
 9.95483036e-01 7.75636867e-01 3.25403046e-01 3.36030589e-02 2.04968209e+00
 1.03938335e+00 7.79941888e-01 3.34516306e-01 3.51733567e-02 2.08177001e+00
 9.97163972e-01 7.74925006e-01 3.28958474e-01 3.36905024e-02 2.03095361e+00
 9.61810154e-01 7.70921254e-01 3.19759103e-01 3.25691485e-02 2.01530615e+00
 9.93486213e-01 7.73381679e-01 3.26550933e-01 3.38249314e-02 2.03838139e+00
 9.54283853e-01 7.68865954e-01 3.16788030e-01 3.25648043e-02 2.01828965e+00
 9.31007234e-01 7.64953794e-01 3.12241833e-01 3.19566762e-02 1.99773114e+00
 8.99437056e-01 7.60922003e-01 3.00481877e-01 3.11134812e-02 2.00552751e+00
 9.23922355e-01 7.62084664e-01 3.04255993e-01 3.22990553e-02 2.03456309e+00
 9.28140371e-01 7.60790266e-01 3.06221571e-01 3.27034332e-02 2.03073236e+00
 9.13222644e-01 7.56290874e-01 3.08818314e-01 3.24089484e-02 1.98129647e+00
 9.82342585e-01 7.62018400e-01 3.26585237e-01 3.51473651e-02 2.01530663e+00
 1.06716077e+00 7.69706970e-01 3.51118722e-01 3.82245061e-02 2.03634166e+00
 1.11201887e+00 7.76350172e-01 3.57979534e-01 3.95431202e-02 2.08127503e+00
 1.19737625e+00 7.83885907e-01 3.91969256e-01 4.21080119e-02 2.04672816e+00
 1.14732997e+00 7.85904134e-01 3.64082910e-01 3.95934733e-02 2.11137800e+00
 1.16892495e+00 7.89206529e-01 3.74905301e-01 3.98292200e-02 2.08903097e+00
 1.10189412e+00 7.86279420e-01 3.55237680e-01 3.70191360e-02 2.07824241e+00
 1.07184854e+00 7.84809871e-01 3.47649083e-01 3.57546365e-02 2.06569773e+00
 1.05491324e+00 7.85624406e-01 3.35774824e-01 3.50488902e-02 2.10495084e+00
 9.98006023e-01 7.79730952e-01 3.24710173e-01 3.30880698e-02 2.05925745e+00
 1.05914647e+00 7.84349243e-01 3.43674495e-01 3.52235401e-02 2.06482310e+00
 1.05732214e+00 7.84627012e-01 3.43556825e-01 3.50683731e-02 2.06197208e+00
 1.01972792e+00 7.81359750e-01 3.34369001e-01 3.37400743e-02 2.04330030e+00
 1.00074013e+00 7.80242030e-01 3.25152958e-01 3.31482188e-02 2.06208654e+00
 9.82080919e-01 7.79283538e-01 3.14027599e-01 3.26236724e-02 2.09532659e+00
 9.82666765e-01 7.77958589e-01 3.16209603e-01 3.27936245e-02 2.08211278e+00
 1.02657446e+00 7.80052566e-01 3.33603056e-01 3.44069953e-02 2.06174301e+00
 1.04905469e+00 7.81132308e-01 3.44478475e-01 3.51591525e-02 2.04037761e+00
 1.00130892e+00 7.77441959e-01 3.29641814e-01 3.34848157e-02 2.03516699e+00
 1.01361460e+00 7.78071693e-01 3.33414336e-01 3.39750071e-02 2.03686831e+00
 9.68059615e-01 7.73348653e-01 3.21416799e-01 3.24828924e-02 2.01793855e+00
 1.10030526e+00 7.84388984e-01 3.59466099e-01 3.71136996e-02 2.05083384e+00
 1.08837673e+00 7.86576534e-01 3.47420140e-01 3.64455790e-02 2.09893522e+00
 1.06476694e+00 7.85436118e-01 3.41422911e-01 3.54554516e-02 2.08946871e+00
 1.04734834e+00 7.84700389e-01 3.35594478e-01 3.47645817e-02 2.09097934e+00
 1.06477551e+00 7.87425988e-01 3.36469806e-01 3.52930065e-02 2.12024023e+00
 1.05508479e+00 7.88261202e-01 3.28696574e-01 3.48720569e-02 2.15062050e+00
 1.10292898e+00 7.93370965e-01 3.39369435e-01 3.63908075e-02 2.17744873e+00
 1.07788430e+00 7.92359092e-01 3.32445653e-01 3.53538397e-02 2.17231231e+00
 1.04951513e+00 7.90053025e-01 3.26660369e-01 3.43071608e-02 2.15259257e+00
 1.01091047e+00 7.85822373e-01 3.19786822e-01 3.30217580e-02 2.11798045e+00
 1.01443393e+00 7.85246340e-01 3.22321335e-01 3.32273488e-02 2.10865487e+00
 9.31537630e-01 7.76859987e-01 2.99714711e-01 3.05801681e-02 2.08239516e+00
 9.37894610e-01 7.75131628e-01 3.03198777e-01 3.10883327e-02 2.07252123e+00
 8.74117870e-01 7.67342064e-01 2.84207136e-01 2.92266799e-02 2.06067789e+00
 8.92441880e-01 7.64916588e-01 2.95124202e-01 3.02694582e-02 2.02605359e+00
 9.19781097e-01 7.63462465e-01 3.10606999e-01 3.15725649e-02 1.98403158e+00
 8.80736816e-01 7.57511283e-01 3.00513657e-01 3.04988821e-02 1.96363066e+00
 9.06299101e-01 7.56974622e-01 3.11182752e-01 3.17675953e-02 1.95133688e+00
 8.87950690e-01 7.52418917e-01 3.09683511e-01 3.14115841e-02 1.92109365e+00
 8.12938549e-01 7.42206798e-01 2.88437727e-01 2.90629366e-02 1.88845347e+00
 8.52830599e-01 7.42098875e-01 3.04533071e-01 3.10267764e-02 1.87635014e+00
 8.27454359e-01 7.36660804e-01 2.97916107e-01 3.04942058e-02 1.86100245e+00
 8.16799432e-01 7.31728848e-01 2.98487666e-01 3.05560901e-02 1.83355375e+00
 8.05494528e-01 7.25983941e-01 3.01612544e-01 3.06037262e-02 1.78948096e+00
 8.74532951e-01 7.30040960e-01 3.24950473e-01 3.37587760e-02 1.80313148e+00
 8.96604324e-01 7.31145130e-01 3.30449801e-01 3.48921702e-02 1.81783839e+00
 9.30872920e-01 7.33057091e-01 3.43963504e-01 3.64241334e-02 1.81312294e+00
 9.53059222e-01 7.35977104e-01 3.46257148e-01 3.73491034e-02 1.84404621e+00
 1.01974765e+00 7.42991611e-01 3.65191420e-01 3.99294372e-02 1.87078112e+00
 1.06022356e+00 7.48071489e-01 3.78482953e-01 4.11913457e-02 1.87674316e+00
 1.09531509e+00 7.54449478e-01 3.83920444e-01 4.20612563e-02 1.91143617e+00
 1.06069422e+00 7.54688982e-01 3.69514221e-01 4.01457178e-02 1.92320758e+00
 1.03555795e+00 7.54565408e-01 3.60104281e-01 3.88036343e-02 1.92670666e+00
 1.05804834e+00 7.58573364e-01 3.63693706e-01 3.93745609e-02 1.94913069e+00
 1.11667612e+00 7.67845339e-01 3.69396483e-01 4.11947580e-02 2.02539029e+00
 1.00473224e+00 7.60449566e-01 3.35471536e-01 3.65545479e-02 2.00663811e+00
 1.10042088e+00 7.69533955e-01 3.63664032e-01 3.99583745e-02 2.02737094e+00
 1.05773212e+00 7.67701755e-01 3.51733341e-01 3.79753364e-02 2.01482224e+00
 9.66512064e-01 7.59754684e-01 3.27925634e-01 3.44744444e-02 1.97472475e+00
 9.94390165e-01 7.62800891e-01 3.32089261e-01 3.55631253e-02 2.00621111e+00
 1.03286723e+00 7.66343114e-01 3.43664209e-01 3.69355479e-02 2.01365384e+00
 1.01479238e+00 7.64896966e-01 3.40709613e-01 3.61488922e-02 1.99557189e+00
 9.12343813e-01 7.53797918e-01 3.17490673e-01 3.24354811e-02 1.92532266e+00
 9.41432100e-01 7.55334691e-01 3.25367489e-01 3.37367564e-02 1.93860646e+00
 8.81029632e-01 7.49666353e-01 3.01726235e-01 3.17243777e-02 1.95639287e+00
 8.54958318e-01 7.44959057e-01 2.93772197e-01 3.11177712e-02 1.94992233e+00
 8.62397527e-01 7.42539746e-01 2.98934857e-01 3.17976730e-02 1.93291528e+00
 9.36587407e-01 7.46848208e-01 3.25652387e-01 3.49379287e-02 1.92693336e+00
 9.17008012e-01 7.43413757e-01 3.23347450e-01 3.43295316e-02 1.90010042e+00
 9.49049230e-01 7.45034936e-01 3.35751915e-01 3.57181668e-02 1.89382434e+00
 9.87533078e-01 7.47583836e-01 3.51739565e-01 3.72306090e-02 1.88103522e+00
 1.00677653e+00 7.51614562e-01 3.49248052e-01 3.78646860e-02 1.93138472e+00
 1.03276772e+00 7.56351794e-01 3.49737682e-01 3.86843188e-02 1.97848267e+00
 1.01910230e+00 7.54927000e-01 3.51958933e-01 3.79310204e-02 1.93997906e+00
 9.94264683e-01 7.53503603e-01 3.44293884e-01 3.68302106e-02 1.93483807e+00
 9.87680582e-01 7.52802626e-01 3.44428118e-01 3.65124240e-02 1.92127561e+00
 9.82000060e-01 7.51699785e-01 3.46510246e-01 3.62549005e-02 1.89874472e+00
 9.33305165e-01 7.48849385e-01 3.23623485e-01 3.44309438e-02 1.93222416e+00
 9.96557975e-01 7.53884304e-01 3.43968073e-01 3.69257916e-02 1.94113844e+00
 9.89006103e-01 7.52891377e-01 3.44951486e-01 3.65638441e-02 1.92093495e+00
 1.07397010e+00 7.62310339e-01 3.64562036e-01 3.96469139e-02 1.97375641e+00
 1.04791541e+00 7.61078762e-01 3.60084970e-01 3.83076560e-02 1.94981788e+00
 1.10949823e+00 7.67561801e-01 3.80295247e-01 4.02857554e-02 1.95469394e+00
 1.02249353e+00 7.63854724e-01 3.45343357e-01 3.66642688e-02 1.98373569e+00
